[[8.80239844e-01 1.07684411e-01 1.20757651e-02]
 [7.51579137e-06 9.99952912e-01 3.96076102e-05]
 [1.54869497e-01 8.02533031e-01 4.25974987e-02]
 [1.39561882e-02 4.23352569e-01 5.62691271e-01]
 [8.82841367e-03 3.73950675e-02 9.53776598e-01]
 [5.58638096e-01 4.13677245e-01 2.76846737e-02]
 [7.71976352e-01 1.85978591e-01 4.20449786e-02]
 [3.18137743e-02 2.32609868e-01 7.35576332e-01]
 [8.15754663e-03 9.64670718e-01 2.71717142e-02]
 [5.77348650e-01 3.97567213e-01 2.50841472e-02]
 [6.89592481e-01 2.64057040e-01 4.63504381e-02]
 [6.80053294e-01 2.53959656e-01 6.59870505e-02]
 [1.34297162e-01 8.34570587e-01 3.11322771e-02]
 [1.11501805e-01 8.39922369e-01 4.85758260e-02]
 [7.89433420e-01 1.76272005e-01 3.42946090e-02]
 [3.26647192e-01 5.74790716e-01 9.85620916e-02]
 [6.13360405e-01 3.39160770e-01 4.74787503e-02]
 [4.56951410e-02 2.08251938e-01 7.46052921e-01]
 [1.95543811e-01 7.50385284e-01 5.40708527e-02]
 [5.43819726e-01 4.25744385e-01 3.04358732e-02]
 [0.00000000e+00 1.00000000e+00 0.00000000e+00]
 [3.80411781e-02 4.35840160e-01 5.26118636e-01]
 [8.09872802e-03 9.77156818e-01 1.47444503e-02]
 [7.67197013e-01 1.91061199e-01 4.17417586e-02]
 [2.75142286e-02 8.88292432e-01 8.41933414e-02]
 [2.53441669e-02 6.33974433e-01 3.40681463e-01]
 [2.44736541e-02 9.61763918e-01 1.37623372e-02]
 [6.56723678e-02 3.59409064e-01 5.74918568e-01]
 [7.73641169e-01 1.84000850e-01 4.23580669e-02]
 [0.00000000e+00 1.00000000e+00 5.46800999e-35]
 [8.08604121e-01 1.77399337e-01 1.39966095e-02]
 [4.89291728e-01 4.66212839e-01 4.44955416e-02]
 [8.50934029e-01 1.29641935e-01 1.94240082e-02]
 [8.60253334e-01 1.21799551e-01 1.79471187e-02]
 [7.16546893e-01 2.33846620e-01 4.96064909e-02]
 [2.50010062e-02 2.71276057e-01 7.03722894e-01]
 [1.99530020e-01 2.97641277e-01 5.02828717e-01]
 [2.49696169e-02 3.15911651e-01 6.59118712e-01]
 [8.45627785e-01 1.32968947e-01 2.14032289e-02]
 [0.00000000e+00 1.00000000e+00 0.00000000e+00]
 [7.68209159e-01 2.07705155e-01 2.40857154e-02]
 [8.01993191e-01 1.70665264e-01 2.73415502e-02]
 [7.47311413e-01 2.27110103e-01 2.55785156e-02]
 [0.00000000e+00 1.00000000e+00 0.00000000e+00]
 [7.43560195e-01 2.07892954e-01 4.85468805e-02]
 [7.71878302e-01 1.88531443e-01 3.95903289e-02]
 [7.32163131e-01 2.38596931e-01 2.92400159e-02]
 [1.56429391e-02 1.64522335e-01 8.19834709e-01]
 [7.31722891e-01 2.13755578e-01 5.45215681e-02]
 [5.32445833e-02 8.59761775e-01 8.69935825e-02]
 [1.78270802e-01 7.29429424e-01 9.22998115e-02]
 [2.15859950e-01 6.92872345e-01 9.12677199e-02]
 [7.46163547e-01 2.16386959e-01 3.74494903e-02]
 [3.81360722e-26 1.00000000e+00 1.20126666e-22]
 [6.38407171e-01 3.28511268e-01 3.30816135e-02]
 [3.26449536e-02 1.27817348e-01 8.39537740e-01]
 [1.60703361e-01 7.73737669e-01 6.55588880e-02]
 [3.51390690e-02 3.10163707e-01 6.54697239e-01]
 [1.53018553e-02 1.10514157e-01 8.74183953e-01]
 [2.42051557e-02 2.83070773e-01 6.92724049e-01]
 [6.82386041e-01 2.64225870e-01 5.33881225e-02]
 [7.54075885e-01 2.06545368e-01 3.93787026e-02]
 [1.47092298e-01 7.69973159e-01 8.29345062e-02]
 [2.59158239e-02 3.73328745e-01 6.00755394e-01]
 [7.89333880e-01 1.78281650e-01 3.23844254e-02]
 [4.67035137e-02 5.19356728e-01 4.33939815e-01]
 [2.54815191e-01 6.33248627e-01 1.11936137e-01]
 [9.78596956e-02 8.71096492e-01 3.10437847e-02]
 [5.71316004e-01 3.94357562e-01 3.43264900e-02]
 [2.11412981e-02 6.72866479e-02 9.11572099e-01]
 [0.00000000e+00 1.00000000e+00 0.00000000e+00]
 [6.05038479e-02 7.44494557e-01 1.95001632e-01]
 [1.49659691e-02 9.35660481e-01 4.93736416e-02]
 [3.84394303e-02 7.99448848e-01 1.62111759e-01]
 [7.59576932e-02 8.64283442e-01 5.97589277e-02]
 [6.93551779e-01 2.67375082e-01 3.90730910e-02]
 [1.37522128e-38 1.00000000e+00 2.99970216e-33]
 [6.96459591e-01 2.49382406e-01 5.41580133e-02]
 [7.76179209e-02 8.68230820e-01 5.41512743e-02]
 [8.53959203e-01 1.26187995e-01 1.98527612e-02]
 [4.33940217e-02 1.38160095e-01 8.18445921e-01]
 [0.00000000e+00 1.00000000e+00 0.00000000e+00]
 [3.20060909e-01 6.34944201e-01 4.49949130e-02]
 [4.67824727e-01 4.40719724e-01 9.14556086e-02]
 [7.24137664e-01 2.17414871e-01 5.84473945e-02]
 [0.00000000e+00 1.00000000e+00 5.27148079e-38]
 [7.19239831e-01 2.36697018e-01 4.40631099e-02]
 [7.21484184e-01 2.56867737e-01 2.16480251e-02]
 [7.46496439e-01 2.37967640e-01 1.55359386e-02]
 [2.94100374e-01 6.14547908e-01 9.13516805e-02]
 [7.48741627e-01 2.02303335e-01 4.89550568e-02]
 [8.35446894e-01 1.40574351e-01 2.39787009e-02]
 [2.62582861e-02 1.20329104e-01 8.53412569e-01]
 [2.61676311e-02 2.84751356e-01 6.89081013e-01]
 [6.64566815e-01 2.81048238e-01 5.43849096e-02]
 [2.90482957e-02 9.42157865e-01 2.87937727e-02]
 [3.80365998e-01 5.26954830e-01 9.26791281e-02]
 [7.04927027e-01 2.49941722e-01 4.51311842e-02]
 [3.14631946e-02 3.11510623e-01 6.57026172e-01]
 [2.49909371e-01 2.94571817e-01 4.55518842e-01]
 [1.04784697e-01 7.80846417e-01 1.14368826e-01]
 [1.28239458e-02 9.57338095e-01 2.98379324e-02]
 [7.17751011e-02 8.78411174e-01 4.98137623e-02]
 [0.00000000e+00 1.00000000e+00 4.30081620e-38]
 [1.11564025e-01 8.06602836e-01 8.18332210e-02]
 [1.07952105e-02 1.28718629e-01 8.60486209e-01]
 [2.81724781e-01 6.73590899e-01 4.46843244e-02]
 [8.27336252e-01 1.56022727e-01 1.66409705e-02]
 [6.06129095e-02 9.17731583e-01 2.16554701e-02]
 [0.00000000e+00 1.00000000e+00 1.63225435e-33]
 [8.85685682e-01 1.00548819e-01 1.37655092e-02]
 [6.93125427e-01 2.85525441e-01 2.13490725e-02]
 [7.90601015e-01 1.74278855e-01 3.51200812e-02]
 [9.36408887e-36 1.00000000e+00 5.81916912e-31]
 [1.25182923e-22 1.00000000e+00 2.03215503e-19]
 [8.06254983e-01 1.65607661e-01 2.81373560e-02]
 [3.18875872e-02 1.05194546e-01 8.62917840e-01]
 [7.66940355e-01 1.88580886e-01 4.44787554e-02]
 [1.20510116e-01 8.25738668e-01 5.37512600e-02]
 [6.05659723e-01 3.56320769e-01 3.80195752e-02]
 [1.84909374e-01 7.27591932e-01 8.74987021e-02]
 [5.56110322e-01 3.72227728e-01 7.16619715e-02]
 [1.10583538e-02 4.66816276e-02 9.42259967e-01]
 [8.04790854e-01 1.63746119e-01 3.14630494e-02]
 [7.64382839e-01 2.07744136e-01 2.78730094e-02]
 [8.63939524e-01 1.19056098e-01 1.70043949e-02]
 [8.19713771e-01 1.58125892e-01 2.21603457e-02]
 [6.16554618e-02 6.67923629e-01 2.70420969e-01]
 [2.92325784e-02 8.49302635e-02 8.85837197e-01]
 [6.95845366e-01 2.65965134e-01 3.81894633e-02]
 [7.73258567e-01 1.89128697e-01 3.76127437e-02]
 [2.65360419e-02 2.64562428e-01 7.08901584e-01]
 [1.56651095e-01 8.10018480e-01 3.33304033e-02]
 [6.72789611e-06 9.99957323e-01 3.60343183e-05]
 [7.23137021e-01 2.39424869e-01 3.74381170e-02]
 [2.30634753e-02 3.22914600e-01 6.54021919e-01]
 [6.87845826e-01 2.77860969e-01 3.42931859e-02]
 [2.05675110e-01 7.43965149e-01 5.03597483e-02]
 [6.30431533e-01 3.36030036e-01 3.35383527e-02]
 [2.05659661e-02 3.05591494e-01 6.73842549e-01]
 [6.58669353e-01 3.08953673e-01 3.23769562e-02]
 [8.64848077e-01 1.17191464e-01 1.79604925e-02]
 [2.62417626e-02 2.72150397e-01 7.01607764e-01]
 [3.23863253e-02 1.44654125e-01 8.22959602e-01]
 [2.31752414e-02 1.00946330e-01 8.75878394e-01]
 [2.05806773e-02 2.38472700e-01 7.40946651e-01]
 [0.00000000e+00 1.00000000e+00 2.59498234e-36]
 [5.01063168e-02 1.33775234e-01 8.16118419e-01]
 [7.99811006e-01 1.84330881e-01 1.58581566e-02]
 [8.39170218e-01 1.37709841e-01 2.31199320e-02]
 [3.20343137e-01 6.52103484e-01 2.75533702e-02]
 [0.00000000e+00 1.00000000e+00 0.00000000e+00]
 [0.00000000e+00 1.00000000e+00 0.00000000e+00]
 [3.01916804e-21 1.00000000e+00 1.89198974e-18]
 [3.46761011e-02 2.10951224e-01 7.54372716e-01]
 [0.00000000e+00 1.00000000e+00 0.00000000e+00]
 [8.03357005e-01 1.77002162e-01 1.96409207e-02]
 [8.29557180e-01 1.45574927e-01 2.48679295e-02]
 [1.91388532e-38 1.00000000e+00 3.53756172e-33]
 [7.97603965e-01 1.68520585e-01 3.38754132e-02]
 [1.11072347e-01 8.04659367e-01 8.42682943e-02]
 [2.25170609e-02 3.27039897e-01 6.50443077e-01]
 [6.23339117e-01 3.20068866e-01 5.65920398e-02]
 [3.27965245e-02 1.20087728e-01 8.47115755e-01]
 [0.00000000e+00 1.00000000e+00 0.00000000e+00]
 [7.83181190e-01 1.89304411e-01 2.75144652e-02]
 [8.81577015e-01 1.08797871e-01 9.62518528e-03]
 [0.00000000e+00 1.00000000e+00 1.87891993e-34]]