[[6.99410439e-01 2.90308952e-01 1.02805551e-02]
 [6.99957309e-04 4.23780590e-01 5.75519443e-01]
 [1.49266377e-01 8.50540400e-01 1.93212371e-04]
 [4.19918797e-06 6.02798024e-03 9.93967772e-01]
 [1.19152028e-05 4.25028205e-02 9.57485259e-01]
 [8.27104151e-02 8.29389930e-01 8.78996253e-02]
 [9.41545486e-01 5.80514930e-02 4.03034763e-04]
 [2.35616390e-04 3.25035423e-01 6.74728930e-01]
 [5.90601563e-03 9.92608964e-01 1.48504844e-03]
 [3.65165412e-01 6.33985460e-01 8.49092670e-04]
 [6.14720643e-01 3.88097577e-02 3.46469641e-01]
 [9.80490863e-01 1.90742146e-02 4.34865942e-04]
 [2.45966297e-02 9.74372625e-01 1.03080948e-03]
 [1.14762999e-01 8.82434070e-01 2.80293496e-03]
 [9.72954810e-01 2.62709949e-02 7.74172135e-04]
 [8.22000086e-01 1.74287394e-01 3.71257658e-03]
 [7.82384038e-01 2.08321318e-01 9.29465052e-03]
 [9.00827508e-05 2.49940887e-01 7.49969065e-01]
 [7.12922029e-03 9.36289370e-01 5.65813147e-02]
 [9.29785848e-01 6.94582313e-02 7.55892077e-04]
 [9.53948984e-05 9.99548018e-01 3.56474047e-04]
 [2.60568540e-05 7.23205507e-01 2.76768506e-01]
 [5.53306285e-03 6.37475073e-01 3.56991857e-01]
 [8.87748480e-01 1.10870242e-01 1.38130854e-03]
 [1.81446895e-02 7.42239594e-01 2.39615634e-01]
 [1.49022788e-04 1.22314282e-01 8.77536654e-01]
 [3.22709791e-03 9.91551757e-01 5.22107119e-03]
 [1.18063483e-02 1.28107741e-01 8.60085905e-01]
 [9.64135468e-01 3.57281938e-02 1.36335322e-04]
 [1.85345198e-05 9.05471861e-01 9.45095643e-02]
 [8.45772803e-01 1.53688774e-01 5.38414752e-04]
 [9.68070984e-01 3.11779492e-02 7.51077430e-04]
 [9.22922313e-01 7.70405084e-02 3.71828210e-05]
 [8.01258862e-01 1.97062224e-01 1.67887856e-03]
 [8.83521199e-01 4.62234952e-02 7.02552497e-02]
 [2.55451118e-06 5.30432630e-03 9.94693100e-01]
 [5.13509367e-05 2.47257180e-04 9.99701321e-01]
 [6.30404102e-05 9.10695549e-03 9.90830064e-01]
 [9.23540413e-01 7.40833580e-02 2.37629213e-03]
 [4.82618883e-02 9.51724768e-01 1.32956457e-05]
 [7.90147841e-01 2.06284076e-01 3.56802624e-03]
 [5.81987143e-01 3.07077825e-01 1.10935062e-01]
 [5.46936989e-01 4.15637136e-01 3.74258012e-02]
 [1.65140703e-02 9.40015197e-01 4.34707478e-02]
 [9.93543506e-01 6.45243982e-03 3.99227019e-06]
 [9.67105329e-01 3.19539085e-02 9.40754137e-04]
 [9.28346455e-01 6.93965480e-02 2.25708238e-03]
 [1.52778716e-06 5.05242730e-03 9.94946063e-01]
 [9.46950018e-01 5.23326285e-02 7.17336719e-04]
 [8.52563698e-03 9.48335707e-01 4.31386754e-02]
 [3.27494219e-02 9.60346341e-01 6.90422347e-03]
 [6.32704556e-01 1.86268583e-01 1.81026891e-01]
 [7.75881410e-01 2.15378806e-01 8.73980671e-03]
 [2.75721122e-05 9.99972463e-01 3.26849268e-08]
 [2.41236389e-01 7.26697087e-01 3.20665576e-02]
 [1.14480114e-04 5.24881482e-01 4.75003958e-01]
 [3.61119919e-02 9.63680983e-01 2.06988319e-04]
 [6.81230042e-04 6.54441953e-01 3.44876796e-01]
 [2.71112867e-06 6.06876472e-03 9.93928552e-01]
 [1.52042162e-06 4.00771527e-03 9.95990813e-01]
 [9.32522297e-01 2.04969514e-02 4.69806716e-02]
 [8.34940016e-01 1.65003568e-01 5.64524707e-05]
 [3.26756923e-03 9.25311744e-01 7.14206919e-02]
 [5.72211684e-05 5.83388237e-03 9.94108915e-01]
 [9.57103133e-01 4.25832048e-02 3.13618249e-04]
 [1.39137293e-04 6.50942266e-01 3.48918676e-01]
 [6.50201738e-02 9.20598328e-01 1.43814757e-02]
 [3.10280081e-03 9.95048106e-01 1.84907077e-03]
 [9.34244871e-01 6.13489226e-02 4.40613832e-03]
 [2.50451976e-05 3.11535143e-04 9.99663472e-01]
 [2.38976851e-02 9.49584842e-01 2.65173968e-02]
 [3.52674257e-03 5.88301957e-01 4.08171356e-01]
 [5.44717932e-06 9.68171000e-01 3.18235941e-02]
 [1.82337756e-03 2.30081916e-01 7.68094718e-01]
 [1.23643409e-02 9.48444247e-01 3.91913429e-02]
 [9.28351760e-01 1.75845195e-02 5.40637597e-02]
 [5.10627590e-03 9.93328214e-01 1.56555639e-03]
 [9.47479665e-01 4.81392704e-02 4.38103452e-03]
 [1.81527680e-03 9.55462813e-01 4.27219160e-02]
 [9.90147531e-01 9.84725170e-03 5.14861449e-06]
 [1.10554511e-05 1.55993262e-02 9.84389603e-01]
 [8.27664882e-03 9.91651475e-01 7.19282543e-05]
 [3.49464477e-03 9.87998724e-01 8.50672275e-03]
 [3.51693571e-01 6.38844371e-01 9.46210045e-03]
 [9.83422220e-01 1.64451301e-02 1.32758127e-04]
 [3.10072601e-02 9.39105392e-01 2.98873018e-02]
 [8.36994946e-01 9.36727449e-02 6.93322346e-02]
 [1.97849497e-01 7.53028393e-01 4.91220690e-02]
 [9.78468835e-01 2.14828309e-02 4.82752002e-05]
 [6.08967210e-04 9.58815515e-01 4.05754820e-02]
 [9.31624711e-01 6.47148415e-02 3.66049097e-03]
 [9.49328661e-01 5.04837669e-02 1.87527490e-04]
 [5.98807082e-06 1.05122942e-02 9.89481688e-01]
 [1.19000892e-04 1.73099134e-02 9.82571065e-01]
 [2.27648064e-01 7.62430310e-01 9.92168020e-03]
 [4.53546818e-05 9.93224680e-01 6.72999304e-03]
 [4.86713201e-01 5.08270442e-01 5.01641538e-03]
 [8.44591498e-01 3.69549580e-02 1.18453555e-01]
 [1.23323553e-04 1.61030572e-02 9.83773589e-01]
 [2.21962382e-05 1.19019911e-04 9.99858737e-01]
 [1.52260177e-02 9.77988482e-01 6.78550359e-03]
 [7.06863138e-05 8.64739001e-01 1.35190278e-01]
 [1.91860013e-02 9.71337974e-01 9.47597157e-03]
 [2.42556771e-03 9.92381871e-01 5.19263232e-03]
 [7.68209919e-02 9.20165896e-01 3.01304902e-03]
 [5.65058315e-07 4.91937017e-03 9.95080113e-01]
 [5.17084310e-03 9.93730664e-01 1.09853526e-03]
 [9.51586604e-01 4.82154153e-02 1.97980698e-04]
 [3.19713261e-03 9.95868325e-01 9.34577023e-04]
 [1.21202247e-04 9.99870539e-01 8.18497119e-06]
 [9.12392795e-01 8.74836445e-02 1.23591264e-04]
 [4.46530208e-02 9.54544961e-01 8.02001450e-04]
 [9.51728582e-01 4.66306992e-02 1.64066104e-03]
 [4.62507247e-04 9.99537468e-01 2.61650568e-09]
 [1.62680931e-02 9.41599548e-01 4.21323180e-02]
 [9.84103203e-01 1.58670861e-02 2.96438739e-05]
 [1.62097116e-04 6.38619065e-01 3.61218870e-01]
 [6.16889834e-01 3.81242722e-01 1.86742353e-03]
 [2.82189474e-02 9.71603632e-01 1.77388283e-04]
 [6.50009692e-01 3.43493253e-01 6.49701664e-03]
 [7.29640871e-02 9.09801602e-01 1.72343068e-02]
 [5.52891970e-01 4.27085668e-01 2.00223345e-02]
 [6.38697202e-07 8.96495022e-03 9.91034448e-01]
 [9.52643394e-01 4.65668216e-02 7.89820624e-04]
 [9.48380768e-01 5.07364087e-02 8.82907480e-04]
 [8.56721282e-01 1.41051054e-01 2.22766446e-03]
 [3.14650089e-01 6.83600724e-01 1.74919586e-03]
 [6.71381084e-03 5.28137743e-01 4.65148419e-01]
 [2.50087433e-05 3.42350337e-03 9.96551514e-01]
 [8.11919510e-01 2.79920883e-02 1.60088420e-01]
 [7.68083215e-01 2.29013473e-01 2.90325005e-03]
 [6.72420347e-03 1.15181319e-01 8.78094494e-01]
 [8.74841630e-01 1.25085786e-01 7.25804712e-05]
 [2.12171331e-01 7.67639041e-01 2.01897230e-02]
 [9.29646432e-01 7.00861439e-02 2.67460622e-04]
 [1.12752539e-04 7.92594068e-03 9.91961300e-01]
 [5.72364569e-01 2.35009968e-01 1.92625389e-01]
 [4.92981588e-03 9.92898107e-01 2.17212760e-03]
 [9.80952084e-01 1.84428394e-02 6.04987901e-04]
 [1.97962481e-06 3.95227270e-03 9.96045768e-01]
 [9.83824492e-01 1.59948505e-02 1.80586649e-04]
 [9.46968198e-01 5.30260243e-02 5.77493392e-06]
 [3.87860891e-05 1.41392630e-02 9.85821903e-01]
 [3.03634908e-04 2.44560674e-01 7.55135655e-01]
 [3.68694623e-06 4.58468916e-03 9.95411575e-01]
 [1.27735336e-06 4.27594688e-03 9.95722771e-01]
 [4.94475625e-02 9.31020439e-01 1.95319131e-02]
 [1.85975237e-04 8.73265982e-01 1.26548111e-01]
 [9.57036614e-01 4.25706916e-02 3.92730872e-04]
 [7.51253366e-01 1.48101017e-01 1.00645602e-01]
 [8.78709376e-01 1.20858118e-01 4.32551984e-04]
 [7.01816287e-03 9.91906643e-01 1.07521086e-03]
 [2.52048206e-03 8.45642149e-01 1.51837260e-01]
 [2.27162670e-02 9.77281272e-01 2.42795295e-06]
 [1.91643430e-05 1.31784985e-02 9.86802280e-01]
 [2.32742226e-04 9.99732554e-01 3.46826055e-05]
 [3.78764153e-01 6.21146441e-01 8.93787364e-05]
 [9.33991671e-01 6.58598393e-02 1.48554740e-04]
 [5.09774536e-02 8.92789185e-01 5.62332869e-02]
 [9.76759374e-01 2.09713969e-02 2.26910575e-03]
 [6.54610619e-03 9.89043117e-01 4.41079121e-03]
 [4.81544048e-05 5.02936449e-03 9.94922459e-01]
 [7.29971766e-01 2.69768924e-01 2.59342341e-04]
 [3.93944447e-07 8.82010572e-05 9.99911427e-01]
 [7.05071330e-01 2.92040318e-01 2.88830465e-03]
 [9.02197123e-01 6.86127767e-02 2.91900765e-02]
 [8.23724687e-01 1.68592289e-01 7.68307038e-03]
 [6.32765293e-01 3.48152041e-01 1.90826803e-02]]