[[6.36236489e-01 3.63270730e-01 4.92750609e-04]
 [1.56162935e-03 9.98437226e-01 1.14820693e-06]
 [7.13857263e-02 9.27516043e-01 1.09826215e-03]
 [4.11654939e-04 3.12756631e-03 9.96460736e-01]
 [4.03285027e-03 6.88679665e-02 9.27099228e-01]
 [8.88024688e-01 1.11610003e-01 3.65370419e-04]
 [8.77864957e-01 9.95748267e-02 2.25603078e-02]
 [3.57115583e-04 2.63118967e-02 9.73330975e-01]
 [9.83912870e-03 9.72965300e-01 1.71955638e-02]
 [5.59956849e-01 4.39979374e-01 6.38223428e-05]
 [6.37983739e-01 3.60122025e-01 1.89427764e-03]
 [7.93813050e-01 1.43200785e-01 6.29862472e-02]
 [3.65092233e-02 9.62703586e-01 7.87169382e-04]
 [3.70381624e-02 9.50305939e-01 1.26558421e-02]
 [7.08661616e-01 2.23922879e-01 6.74155354e-02]
 [9.16163385e-01 8.03397298e-02 3.49680148e-03]
 [8.27654362e-01 1.59916922e-01 1.24287456e-02]
 [7.22835102e-05 1.96820706e-01 8.03106964e-01]
 [4.08933520e-01 4.91943687e-01 9.91227552e-02]
 [7.93914139e-01 1.58756465e-01 4.73294407e-02]
 [3.71460319e-02 9.17243302e-01 4.56107482e-02]
 [5.31521067e-02 6.44018412e-01 3.02829504e-01]
 [4.27329317e-02 2.87143230e-01 6.70123875e-01]
 [7.26438463e-01 2.73490965e-01 7.05173516e-05]
 [1.28991887e-04 7.60487914e-01 2.39383116e-01]
 [1.72428452e-04 1.25336543e-01 8.74491036e-01]
 [1.15799848e-02 9.87978220e-01 4.41734679e-04]
 [3.15864541e-04 7.70869898e-03 9.91975486e-01]
 [8.39422643e-01 1.51851639e-01 8.72570463e-03]
 [8.89066234e-03 5.28117061e-01 4.62992311e-01]
 [2.25927621e-01 7.29180574e-01 4.48918007e-02]
 [1.75365448e-01 8.07063639e-01 1.75709482e-02]
 [9.35785949e-01 6.36150837e-02 5.98891173e-04]
 [8.79401565e-01 1.20419659e-01 1.78717906e-04]
 [9.62475598e-01 3.70527245e-02 4.71633044e-04]
 [2.94065161e-04 4.56744153e-03 9.95138526e-01]
 [6.34101704e-02 3.95311534e-01 5.41278303e-01]
 [2.20925227e-04 8.22783262e-03 9.91551280e-01]
 [8.70047748e-01 8.69720429e-02 4.29802760e-02]
 [4.14877990e-03 9.95757520e-01 9.35998614e-05]
 [2.53055871e-01 7.12834537e-01 3.41096632e-02]
 [2.66886592e-01 7.29508638e-01 3.60474503e-03]
 [8.53865147e-01 1.38590097e-01 7.54469493e-03]
 [1.36931671e-03 9.98628139e-01 2.60292495e-06]
 [8.47473085e-01 1.52311668e-01 2.15278269e-04]
 [6.73850894e-01 1.96437776e-01 1.29711285e-01]
 [9.42700922e-01 5.49511760e-02 2.34787748e-03]
 [2.37211221e-04 3.31759755e-03 9.96445239e-01]
 [9.82361197e-01 1.76125225e-02 2.63426391e-05]
 [1.65896211e-02 6.32529736e-01 3.50880623e-01]
 [1.05703823e-01 8.92910540e-01 1.38558331e-03]
 [1.98873267e-01 7.28614107e-02 7.28265285e-01]
 [9.82141137e-01 1.76855884e-02 1.73223249e-04]
 [4.38690148e-02 9.10633564e-01 4.54974510e-02]
 [7.00333536e-01 2.73443431e-01 2.62230411e-02]
 [2.25230213e-03 2.24049062e-01 7.73698688e-01]
 [1.31201101e-02 9.47815835e-01 3.90640832e-02]
 [9.99960024e-03 3.99154782e-01 5.90845585e-01]
 [2.36474996e-04 2.37080967e-03 9.97392654e-01]
 [4.29606123e-04 4.51057823e-03 9.95059788e-01]
 [9.56694782e-01 4.31301668e-02 1.75085093e-04]
 [4.87116635e-01 5.12549698e-01 3.33630422e-04]
 [6.35519922e-02 9.33945119e-01 2.50286562e-03]
 [2.16146858e-04 4.19742148e-03 9.95586395e-01]
 [8.66548419e-01 1.24603793e-01 8.84783734e-03]
 [4.74309828e-03 9.44559693e-01 5.06972149e-02]
 [8.94012600e-02 9.06586945e-01 4.01181169e-03]
 [4.50612307e-02 9.54631090e-01 3.07580252e-04]
 [1.54867560e-01 8.43411326e-01 1.72109227e-03]
 [5.06590353e-04 1.09950630e-02 9.88498390e-01]
 [1.01976804e-02 9.10172343e-01 7.96300024e-02]
 [1.48578477e-03 1.40286088e-01 8.58228087e-01]
 [2.91013764e-03 8.59689713e-01 1.37400210e-01]
 [5.60773984e-02 5.89844763e-01 3.54077816e-01]
 [3.07807744e-01 3.57908309e-01 3.34283918e-01]
 [9.47875679e-01 5.19059785e-02 2.18271118e-04]
 [4.26849769e-03 9.95530665e-01 2.00795868e-04]
 [8.77951860e-01 1.20787449e-01 1.26063928e-03]
 [3.95641655e-01 5.95802069e-01 8.55628215e-03]
 [9.20073986e-01 7.98375681e-02 8.83719986e-05]
 [1.59283006e-03 8.28354880e-02 9.15571690e-01]
 [2.08157673e-02 2.97983766e-01 6.81200445e-01]
 [1.90037563e-01 7.69275725e-01 4.06866483e-02]
 [7.17120945e-01 2.82781631e-01 9.74731884e-05]
 [7.08475351e-01 1.72904417e-01 1.18620194e-01]
 [5.62118227e-03 9.94378746e-01 8.85043434e-08]
 [9.77324843e-01 2.23777760e-02 2.97361519e-04]
 [5.93142174e-02 6.20597363e-01 3.20088387e-01]
 [2.42415473e-01 7.57503092e-01 8.14583836e-05]
 [6.51768595e-02 9.29065824e-01 5.75730763e-03]
 [8.24795544e-01 1.18400186e-01 5.68042621e-02]
 [7.79698133e-01 2.20135391e-01 1.66503654e-04]
 [1.49275619e-03 7.47371744e-03 9.91033494e-01]
 [6.34805881e-04 2.72794208e-03 9.96637225e-01]
 [5.71825743e-01 4.24200445e-01 3.97389103e-03]
 [1.25031173e-03 9.65694010e-01 3.30557190e-02]
 [9.16475952e-01 8.04296359e-02 3.09438375e-03]
 [8.34821165e-01 1.62636608e-01 2.54216907e-03]
 [5.15153981e-04 3.61694559e-03 9.95867968e-01]
 [4.73914482e-02 1.98212728e-01 7.54395783e-01]
 [9.37837437e-02 9.05077636e-01 1.13855884e-03]
 [1.00270741e-01 8.21643114e-01 7.80861527e-02]
 [4.45871390e-02 7.34846115e-01 2.20566720e-01]
 [3.77183547e-03 7.43062854e-01 2.53165305e-01]
 [2.94741653e-02 9.59715009e-01 1.08108120e-02]
 [2.64266535e-04 3.55201215e-03 9.96183693e-01]
 [3.31072807e-02 9.66470003e-01 4.22759593e-04]
 [6.63563132e-01 3.36427361e-01 9.50395497e-06]
 [1.57969873e-02 9.83359575e-01 8.43438611e-04]
 [5.33674248e-02 9.35859859e-01 1.07727498e-02]
 [9.79972661e-01 2.00217664e-02 5.58599231e-06]
 [2.88563997e-01 4.89337444e-01 2.22098485e-01]
 [8.77185225e-01 1.12890169e-01 9.92464460e-03]
 [4.80648689e-03 9.88636434e-01 6.55706692e-03]
 [7.22500379e-04 9.99266565e-01 1.09216235e-05]
 [9.18364942e-01 8.16172510e-02 1.78738810e-05]
 [6.31548523e-04 9.16914549e-03 9.90199268e-01]
 [1.59656987e-01 8.36229026e-01 4.11395356e-03]
 [9.26100686e-02 6.79707229e-01 2.27682784e-01]
 [1.70721789e-03 9.93168712e-01 5.12403576e-03]
 [8.73484835e-02 9.12396014e-01 2.55449122e-04]
 [8.83383334e-01 1.14477463e-01 2.13923142e-03]
 [8.63061473e-03 2.10206926e-01 7.81162441e-01]
 [8.92058611e-01 9.72342640e-02 1.07070776e-02]
 [2.50726104e-01 7.37798810e-01 1.14750452e-02]
 [4.01790023e-01 5.98179579e-01 3.03440829e-05]
 [8.27878833e-01 1.54325366e-01 1.77958682e-02]
 [1.03994535e-04 2.17065290e-01 7.82830715e-01]
 [2.39653559e-03 8.34235996e-02 9.14179921e-01]
 [9.32232559e-01 6.70017302e-02 7.65636913e-04]
 [8.57330024e-01 1.33972347e-01 8.69767647e-03]
 [4.19306074e-04 7.78810028e-03 9.91792619e-01]
 [1.70738310e-01 8.29249382e-01 1.23559139e-05]
 [9.45207756e-03 9.89683509e-01 8.64430331e-04]
 [9.80213583e-01 1.90450270e-02 7.41458382e-04]
 [2.34775696e-04 5.27922995e-03 9.94486034e-01]
 [8.82081270e-01 1.16325594e-01 1.59312389e-03]
 [5.21719046e-02 9.46739197e-01 1.08892494e-03]
 [2.30463400e-01 7.34041810e-01 3.54947895e-02]
 [6.66979351e-04 4.12572734e-03 9.95207250e-01]
 [6.13434315e-01 2.73962021e-01 1.12603679e-01]
 [6.32297218e-01 3.67427021e-01 2.75795319e-04]
 [7.16569310e-04 3.76244029e-03 9.95520949e-01]
 [2.02495116e-03 4.35137749e-02 9.54461217e-01]
 [6.59700134e-04 4.44077514e-03 9.94899571e-01]
 [1.23912338e-04 3.27366265e-03 9.96602416e-01]
 [6.19602390e-03 9.93803740e-01 1.97414153e-07]
 [2.49510002e-03 1.10255525e-01 8.87249410e-01]
 [4.17110085e-01 5.81613600e-01 1.27631787e-03]
 [7.78619528e-01 2.15312839e-01 6.06765179e-03]
 [7.33442247e-01 2.66542196e-01 1.55624821e-05]
 [7.57002458e-03 9.92424011e-01 5.90060836e-06]
 [7.99187925e-03 9.91991937e-01 1.62034157e-05]
 [5.11491497e-04 9.30575013e-01 6.89134672e-02]
 [2.04682467e-03 9.41586308e-03 9.88537312e-01]
 [3.94540727e-02 9.45097506e-01 1.54483970e-02]
 [6.26551211e-01 3.73388052e-01 6.07187903e-05]
 [8.47124934e-01 1.52331814e-01 5.43272356e-04]
 [2.20520166e-03 9.97598588e-01 1.96188004e-04]
 [6.52101815e-01 2.34176442e-01 1.13721721e-01]
 [6.68846145e-02 9.32461262e-01 6.54180592e-04]
 [2.29762954e-04 4.67399647e-03 9.95096266e-01]
 [9.54298794e-01 4.56751101e-02 2.60522029e-05]
 [2.07112264e-03 5.49217500e-02 9.43007171e-01]
 [7.32312724e-03 9.92075205e-01 6.01625827e-04]
 [9.04919088e-01 8.98121148e-02 5.26877260e-03]
 [5.04970133e-01 4.94147390e-01 8.82461201e-04]
 [9.10660252e-03 9.90891397e-01 1.98128259e-06]]